units: MPH
step: 10
product: BV
Scale:   2.23694 
color: 0 130 106 120 122 48 57
color: 10 105 0 0 242 1 6 
color: 40 249 58 84 255 142 212
color: 55 255 157 206 255 221 176
color: 60 255 230 169 255 151 86
color: 80 254 137 80 
color: 120 97 6 2 
color: 140 60 0 0
color: 200 45 0 0
color: -10 72 112 71 106 125 105
color: -40 10 248 35 15 99 20
color: -50 180 240 243 33 253 50
color: -70  55 226 229  172 239 242
color: -90 25 1 142 47 215 225
color: -100 105 2 142 32 1 141 
color: -120 250 4 130 114 3 141
color: -140 255 20 180
color: -200 255 220 220
RF: 123 0 200