# libDWD sequence file (WMO table D), created: 2015-10-07 14:52:04
# line format:
# sequence names given in comments preceeding sequence
# first line per sequence: "FXY1<tab>FXY2<lf>"
# following lines per seq: "<tab>FXY2<lf>"
# 
# Tabelle D von EUMETSAT, fuer master version 19 
# 
310195	310196
	101006
	310197

310196	008070
	001033
	001034
	008070
	001033
	001034
	001007
	002019
	005040
	025075
	201133
	005041
	201000
	005043
	025070
	033210
	033211
	004001
	004002
	004003
	004004
	004005
	202131
	201138
	004006
	201000
	202000
	005001
	006001
	202126
	007001
	202000
	007024
	005021
	007025
	005022
	025081
	033213
	002151
	012064
	002151
	012064
	002151
	012064
	002151
	012064

310197	002150
	025076
	025077
	025078
	033214
	033215
	008065
	013040
	201132
	202129
	012063
	202000
	201000

340192	001007
	002019
	005040
	005041
	005043
	004001
	004002
	004003
	004004
	004005
	004007
	005001
	006001
	007002
	007025
	005022
	007024
	005021
	008075
	040213
	040214
	013155
	201129
	013091
	201000
	020034
	022049
	008003
	201131
	011098
	201000
	008003
	201130
	013090
	201000

350252	001007
	002019
	008201
	005001
	006001
	007002
	002224
	002225
	002226
	005041
	005233
	004001
	004002
	004003
	004004
	004005
	004007
	008201
	005001
	006001
	107004
	005042
	002153
	040211
	002104
	007024
	040212
	012063

350253	001007
	002019
	008201
	005001
	006001
	007002
	002224
	002225
	002226
	005041
	005233
	004001
	004002
	004003
	004004
	004005
	004007
	008201
	005001
	006001
	107009
	005042
	002153
	040211
	002104
	007024
	040212
	012063

350254	001007
	002019
	005040
	004001
	004002
	004003
	004004
	004005
	004006
	202126
	007001
	202000
	005001
	006001
	201133
	005041
	201000
	025070
	007025
	005022
	102009
	002151
	012064
	007024
	005021
	005043
	105012
	005042
	002153
	033032
	002104
	012163
	109004
	005001
	006001
	005043
	005043
	005042
	002153
	033032
	002104
	012163
	109004
	005001
	006001
	005043
	005043
	005042
	002153
	033032
	002104
	012163
